"","sample.id","year","latitude","longitude","n.obs","evi2.gs.avg","evi2.gs.med","evi2.gs.q90","evi2.max","evi2.max.lwr","evi2.max.upr","evi2.max.doy"
"1","S_1",2004,55.114413,159.945864,2,0.306608628285248,0.306608628285248,0.309670086147083,0.330988831636319,0.327162009309026,0.334815653963613,210
"2","S_1",2005,55.114413,159.945864,3,0.292928088312105,0.28204631965905,0.309185820586837,0.309185820586837,0.294107186235895,0.3170155847103,209
"3","S_1",2006,55.114413,159.945864,5,0.287827960712309,0.278976879618664,0.344759224654803,0.344759224654803,0.316868873091421,0.390850232456676,210
"4","S_1",2007,55.114413,159.945864,4,0.323965046686991,0.318172096878334,0.343112984898913,0.343112984898913,0.309505456919047,0.353789133548927,206
"5","S_1",2008,55.114413,159.945864,2,0.304990387397162,0.304990387397162,0.307373068469681,0.307373068469681,0.30288176643645,0.308838469117748,203
"6","S_1",2009,55.114413,159.945864,19,0.287445950921395,0.277666800847519,0.346858178951434,0.346858178951434,0.262507461110673,0.369839459491209,200
"7","S_1",2010,55.114413,159.945864,2,0.310187802684543,0.310187802684543,0.311005549864962,0.311005549864962,0.30916561870902,0.311209986660067,187
"8","S_1",2011,55.114413,159.945864,3,0.288945839667591,0.310684538605518,0.31136434994229,0.325843317145344,0.313708750859156,0.326693081316309,184
"9","S_1",2012,55.114413,159.945864,5,0.294046302299243,0.278296639663758,0.324279408428965,0.326269831290327,0.292134488945314,0.332601588846274,185
"10","S_1",2013,55.114413,159.945864,8,0.259205387082218,0.250653342138731,0.287452152027529,0.314969071346969,0.312709226310222,0.38266359209945,186
"11","S_1",2014,55.114413,159.945864,8,0.305497132681305,0.31874546823669,0.343958043426212,0.343958043426212,0.307549397337413,0.364342490252487,188
"12","S_1",2015,55.114413,159.945864,8,0.280109589802909,0.281770559717281,0.301842401551185,0.308230460957168,0.287349515033384,0.342239491988865,187
"13","S_1",2016,55.114413,159.945864,13,0.298347649499453,0.298921969719593,0.321569875172909,0.321569875172909,0.298670865958162,0.367760658441155,187
"14","S_1",2017,55.114413,159.945864,13,0.304401044263834,0.306445595163427,0.340192704275655,0.340192704275655,0.283431552819432,0.356252161939012,183
"15","S_1",2018,55.114413,159.945864,9,0.315974718320372,0.30361968459236,0.364424464799527,0.364424464799527,0.306074520127136,0.370363051366149,182
"16","S_1",2019,55.114413,159.945864,6,0.304771515541418,0.299972593910598,0.336737349619732,0.340364435937585,0.321042633142107,0.348611081626647,182
"17","S_1",2020,55.114413,159.945864,15,0.32754604972179,0.321963195088809,0.356626583140426,0.356626583140426,0.328655505071749,0.36893967002212,181
"18","S_1",2021,55.114413,159.945864,16,0.299220767418102,0.300382245772978,0.340291102613174,0.340291102613174,0.277219449046515,0.358517404253778,181
"19","S_1",2022,55.114413,159.945864,16,0.288447026802833,0.296133151487802,0.324271365041739,0.324271365041739,0.297264455054275,0.359625873372287,182
"20","S_1",2023,55.114413,159.945864,12,0.302172623045312,0.310024014597776,0.335486922992609,0.335486922992609,0.273414018532308,0.390448586441265,182
"21","S_1",2024,55.114413,159.945864,6,0.285307516993237,0.277491986777784,0.336616183640261,0.336616183640261,0.308229671238153,0.372282087100332,182
"22","S_10",2000,55.140443,159.972923,6,0.25077637303535,0.243970813797054,0.279916071641184,0.283311200703843,0.260110139142771,0.288406650632635,214
"23","S_10",2001,55.140443,159.972923,4,0.246220629722713,0.251946338304453,0.267439425506314,0.284985830522761,0.273743108644386,0.287811679945552,214
"24","S_10",2002,55.140443,159.972923,4,0.326719824614115,0.324454958785069,0.347780012115516,0.347780012115516,0.318273291612373,0.36250070317727,215
"25","S_10",2004,55.140443,159.972923,4,0.303781679984073,0.304784604500022,0.308672583823369,0.345441081125571,0.336649774488235,0.358244085826701,209
"26","S_10",2005,55.140443,159.972923,3,0.313797767194988,0.312946446401853,0.316595131122332,0.32488436454639,0.320261458855643,0.326891258067584,207
"27","S_10",2006,55.140443,159.972923,3,0.345960519912255,0.319733055002056,0.383143842368072,0.383143842368072,0.37956817872373,0.404181915699788,207
"28","S_10",2007,55.140443,159.972923,5,0.32409593304717,0.31383925057397,0.346497608899652,0.346497608899652,0.310777346369751,0.355697660011061,204
"29","S_10",2008,55.140443,159.972923,5,0.315683003276841,0.315415826703394,0.373085181416559,0.373085181416559,0.309839949184689,0.407843524280997,203
"30","S_10",2009,55.140443,159.972923,15,0.322362193080774,0.324844591254485,0.368818031552747,0.368818031552747,0.330970006986638,0.401917221173842,202
"31","S_10",2010,55.140443,159.972923,2,0.307692169511596,0.307692169511596,0.308461036029816,0.320845232101998,0.319884148954222,0.321806315249773,202
"32","S_10",2011,55.140443,159.972923,7,0.30037647494596,0.316761593479802,0.323129017585988,0.332093185057324,0.321260584419834,0.346893984261697,201
"33","S_10",2012,55.140443,159.972923,4,0.296734542663423,0.300707939853091,0.327880045698897,0.331313404518568,0.299106370275092,0.338392539285563,200
"34","S_10",2013,55.140443,159.972923,5,0.274554183395972,0.275733361230849,0.287094744179111,0.338852908558478,0.288280114454696,0.348287134150257,198
"35","S_10",2014,55.140443,159.972923,13,0.320255294393296,0.323204751640093,0.372913852520299,0.372913852520299,0.320505418598881,0.412732669542734,195
"36","S_10",2015,55.140443,159.972923,7,0.274218015726337,0.25704009974998,0.319698332796742,0.319698332796742,0.308033655291867,0.335167784850515,194
"37","S_10",2016,55.140443,159.972923,13,0.294194703053983,0.304168156409275,0.317510156829731,0.334010234362582,0.266767710707353,0.353299923961131,193
"38","S_10",2017,55.140443,159.972923,11,0.308793067171879,0.298125673330748,0.366748777337455,0.366748777337455,0.299636568117499,0.397756651451816,193
"39","S_10",2018,55.140443,159.972923,7,0.331783675405821,0.349880156935316,0.361101522231814,0.361101522231814,0.333518260107486,0.398311702771358,193
"40","S_10",2019,55.140443,159.972923,6,0.321593996094066,0.336912238305895,0.348918898816202,0.348918898816202,0.320260694023521,0.366524787454763,192
"41","S_10",2020,55.140443,159.972923,13,0.330050573248106,0.329826698354076,0.357427198535921,0.357427198535921,0.333154594040664,0.382615312103412,192
"42","S_10",2021,55.140443,159.972923,11,0.327638071786418,0.31633173875623,0.376034960647669,0.376034960647669,0.319344221342341,0.417912487019359,192
"43","S_10",2022,55.140443,159.972923,14,0.296916974071832,0.303786145864104,0.330301226636241,0.330301226636241,0.28158680161978,0.364628426301742,190
"44","S_10",2023,55.140443,159.972923,12,0.277724889834445,0.265008300261188,0.345779993731503,0.345779993731503,0.264261225010663,0.375364033118766,190
"45","S_10",2024,55.140443,159.972923,5,0.279157981673852,0.278031426649438,0.322715099256129,0.334344238246611,0.320198994467469,0.358204760160323,189
"46","S_2",2006,55.105053,160.011104,2,0.360977621865194,0.360977621865194,0.380097781898634,0.388719172460768,0.387895736647445,0.389542608274092,210
"47","S_2",2007,55.105053,160.011104,4,0.343379530354949,0.340131717375403,0.352457948761093,0.352457948761093,0.339993662727967,0.357775585014796,207
"48","S_2",2008,55.105053,160.011104,3,0.355829755116139,0.324054644428385,0.403157519913602,0.403157519913602,0.323115410344425,0.423006956759289,206
"49","S_2",2009,55.105053,160.011104,15,0.321390465000687,0.330132662850152,0.356679847431667,0.358921659483494,0.332700825405352,0.390284773601535,203
"50","S_2",2010,55.105053,160.011104,2,0.32643584104939,0.32643584104939,0.327656597161342,0.33383276578376,0.33230682064382,0.3353587109237,203
"51","S_2",2011,55.105053,160.011104,3,0.309016125226423,0.328754079925143,0.334986443463637,0.344505011200357,0.335159194109579,0.352295465623475,200
"52","S_2",2012,55.105053,160.011104,5,0.306226308519026,0.289617090307279,0.33666094958292,0.338032474135855,0.311605108017099,0.355996583240184,198
"53","S_2",2013,55.105053,160.011104,6,0.259453211012078,0.244804823784959,0.290959884064484,0.32641104618753,0.304180071827418,0.383314140929532,192
"54","S_2",2014,55.105053,160.011104,8,0.32916990917146,0.333027194279101,0.364602462105328,0.364602462105328,0.347594877470673,0.382496489683627,193
"55","S_2",2015,55.105053,160.011104,8,0.283773742780967,0.265652696397517,0.334819662676859,0.334819662676859,0.290612972429908,0.361079674916497,191
"56","S_2",2016,55.105053,160.011104,12,0.326644373752391,0.334562735689388,0.348827103979581,0.354353214475392,0.329067703473136,0.386480065229432,190
"57","S_2",2017,55.105053,160.011104,12,0.331899972129102,0.328991631234368,0.366978349772024,0.366978349772024,0.305892421974714,0.375996771980444,190
"58","S_2",2018,55.105053,160.011104,9,0.339713420333928,0.347721016346318,0.391751152089995,0.391751152089995,0.327521097750158,0.402354440123645,191
"59","S_2",2019,55.105053,160.011104,7,0.320367892957408,0.331482836525324,0.350132117113578,0.350132117113578,0.330364373704996,0.366271720960636,187
"60","S_2",2020,55.105053,160.011104,16,0.351940646239257,0.346243350325575,0.384278630665801,0.384278630665801,0.349063549922367,0.407594088204908,183
"61","S_2",2021,55.105053,160.011104,15,0.33569474666885,0.33582986242843,0.375387048974248,0.375387048974248,0.317198372898752,0.404112474312644,184
"62","S_2",2022,55.105053,160.011104,18,0.315243069647517,0.315589665137065,0.365686789812243,0.365686789812243,0.314073387713213,0.380645360355532,183
"63","S_2",2023,55.105053,160.011104,11,0.330120736472146,0.345698977865772,0.373892549776042,0.373892549776042,0.302580311279633,0.385505786643654,183
"64","S_2",2024,55.105053,160.011104,6,0.304167679487776,0.29734858813636,0.344482254784176,0.345900067920266,0.333871015603418,0.378579392869331,183
"65","S_3",1999,55.093833,159.929449,1,0.245018135267762,0.245018135267762,0.245018135267762,0.246717326348994,0.246717326348994,0.246717326348994,199
"66","S_3",2000,55.093833,159.929449,5,0.250428694347096,0.243893792402109,0.273665454114806,0.292314427167105,0.291582727639828,0.32828176616123,198
"67","S_3",2001,55.093833,159.929449,4,0.297727500259311,0.309822557328493,0.325691439329497,0.336925967050258,0.307020065567354,0.346157418324438,195
"68","S_3",2002,55.093833,159.929449,5,0.385961093408999,0.384661211771679,0.422574070266543,0.422574070266543,0.355435494332917,0.448675947359611,194
"69","S_3",2004,55.093833,159.929449,1,0.357539538871501,0.357539538871501,0.357539538871501,0.382836533684137,0.382836533684137,0.382836533684137,201
"70","S_3",2005,55.093833,159.929449,4,0.341360718075857,0.338050759000149,0.355207971510835,0.355207971510835,0.331257780173094,0.363978537970707,207
"71","S_3",2006,55.093833,159.929449,2,0.297338715263238,0.297338715263238,0.297433191915496,0.34586721698991,0.345749121174588,0.345985312805232,209
"72","S_3",2007,55.093833,159.929449,6,0.329126009020288,0.327646238412896,0.368531662751135,0.368531662751135,0.310769860584725,0.404123107571315,210
"73","S_3",2008,55.093833,159.929449,3,0.319736213372342,0.326123400168883,0.333768605450794,0.338082490498461,0.329618454930951,0.382623888878923,210
"74","S_3",2009,55.093833,159.929449,14,0.313263926414175,0.332111979707993,0.359334154292878,0.359334154292878,0.293613397152094,0.387027270883745,211
"75","S_3",2010,55.093833,159.929449,1,0.323028930869155,0.323028930869155,0.323028930869155,0.328915607922053,0.328915607922053,0.328915607922053,208
"76","S_3",2011,55.093833,159.929449,2,0.337489054345383,0.337489054345383,0.351579377153115,0.351579377153115,0.326679088256914,0.362391890747543,193
"77","S_3",2012,55.093833,159.929449,3,0.327891351260902,0.339172734409877,0.343630870511417,0.355169915131709,0.345361081786993,0.376796864408512,197
"78","S_3",2013,55.093833,159.929449,9,0.288472989020025,0.288259558811498,0.328236893393071,0.358367375729146,0.272640955707084,0.399330140935992,194
"79","S_3",2014,55.093833,159.929449,11,0.344207876832985,0.352650578577787,0.380139010597227,0.380139010597227,0.335934274362691,0.403202121908635,191
"80","S_3",2015,55.093833,159.929449,6,0.314955456109902,0.30020904388502,0.356176891883054,0.356176891883054,0.311658216421888,0.40791141270357,188
"81","S_3",2016,55.093833,159.929449,8,0.316104563469749,0.311968571150616,0.329736099462217,0.337158832569506,0.305691381878058,0.356725776723591,184
"82","S_3",2017,55.093833,159.929449,10,0.331354541514877,0.326217677586489,0.361983637266337,0.361983637266337,0.323875959308251,0.383008082571648,182
"83","S_3",2018,55.093833,159.929449,7,0.326829601273247,0.364184252539134,0.376656848025059,0.376656848025059,0.301265681493859,0.39060251548538,179
"84","S_3",2019,55.093833,159.929449,8,0.339101142329969,0.347479701943338,0.381543507669881,0.381543507669881,0.325759582424712,0.41721086002431,177
"85","S_3",2020,55.093833,159.929449,13,0.343933676943719,0.351175790895593,0.359656988570465,0.366003066126668,0.306870950558829,0.395066825015041,177
"86","S_3",2021,55.093833,159.929449,10,0.326883089474211,0.34301198553981,0.362714422730724,0.363684697272815,0.281050352739941,0.382709721108605,176
"87","S_3",2022,55.093833,159.929449,17,0.300754964889381,0.298367499789096,0.353937186245484,0.353937186245484,0.28131587803723,0.396093184303185,176
"88","S_3",2023,55.093833,159.929449,8,0.304645118374969,0.304398445034554,0.338011918478254,0.339845553212355,0.297289881475972,0.354949131595964,176
"89","S_3",2024,55.093833,159.929449,8,0.313671855131918,0.310645848163245,0.354391829065478,0.354391829065478,0.317735189996854,0.389047774554979,177
"90","S_4",2000,55.135526,159.978384,6,0.238500361941147,0.23169426101037,0.262061162085302,0.265192978412076,0.23299412006209,0.270468084648492,213
"91","S_4",2001,55.135526,159.978384,5,0.247621455816682,0.24310378435861,0.279912130475897,0.279912130475897,0.247767035270188,0.289246173305016,215
"92","S_4",2002,55.135526,159.978384,4,0.319104477117505,0.318712918937067,0.339053161334009,0.339053161334009,0.309360358046223,0.345323710547025,213
"93","S_4",2004,55.135526,159.978384,3,0.277920957918878,0.276583194295528,0.283373449636413,0.314139788641745,0.296158514780643,0.322627607817851,202
"94","S_4",2005,55.135526,159.978384,2,0.295979235814888,0.295979235814888,0.296181542187343,0.302494593747464,0.302241710781895,0.302747476713033,203
"95","S_4",2006,55.135526,159.978384,1,0.39929482061349,0.39929482061349,0.39929482061349,0.406953888316112,0.406953888316112,0.406953888316112,206
"96","S_4",2007,55.135526,159.978384,2,0.312911193748328,0.312911193748328,0.31392357550722,0.31392357550722,0.312197097822765,0.314728052219994,198
"97","S_4",2008,55.135526,159.978384,5,0.34175794509273,0.325418434487856,0.394356212252125,0.394356212252125,0.311744016331989,0.406993892340944,195
"98","S_4",2009,55.135526,159.978384,15,0.309698006150562,0.318502696541809,0.342073169892108,0.342073169892108,0.319861719349594,0.372920067715666,194
"99","S_4",2010,55.135526,159.978384,2,0.303274301092862,0.303274301092862,0.303905553457335,0.303905553457335,0.303023259193123,0.304601390104304,191
"100","S_4",2011,55.135526,159.978384,6,0.3029167519494,0.307576937016461,0.326191318801027,0.338038327565011,0.327463038950551,0.360172176573084,192
"101","S_4",2012,55.135526,159.978384,3,0.258157059186616,0.253285653247762,0.26518867044269,0.331472242830073,0.294707743704188,0.331736796507171,194
"102","S_4",2013,55.135526,159.978384,4,0.266430772956225,0.260919800549974,0.293505585323459,0.326647109818712,0.30649348415317,0.342761073076753,190
"103","S_4",2014,55.135526,159.978384,13,0.314885456870105,0.324154570677365,0.354243266280783,0.354243266280783,0.305473358313822,0.393202097254597,192
"104","S_4",2015,55.135526,159.978384,7,0.273473545734436,0.267612830566447,0.32700599285616,0.32700599285616,0.290860497878879,0.349002257625736,189
"105","S_4",2016,55.135526,159.978384,13,0.289012020309019,0.297002880629946,0.313710657521512,0.313710657521512,0.29953013501078,0.335903755424251,189
"106","S_4",2017,55.135526,159.978384,11,0.292597140158698,0.299505914854431,0.327451105634906,0.327451105634906,0.278650224329997,0.342814960279968,190
"107","S_4",2018,55.135526,159.978384,11,0.325228959413006,0.332115240758298,0.367785574429602,0.367785574429602,0.311727817101012,0.396028912936931,190
"108","S_4",2019,55.135526,159.978384,6,0.305143135045736,0.31524571020546,0.332224957044365,0.332224957044365,0.310719753514945,0.345295411945103,191
"109","S_4",2020,55.135526,159.978384,16,0.327833098178964,0.327671514430028,0.347869872316384,0.347869872316384,0.314759290648439,0.43326390158283,201
"110","S_4",2021,55.135526,159.978384,9,0.330687692321862,0.318336779964978,0.358385348445175,0.358385348445175,0.318175800392846,0.361482113278781,207
"111","S_4",2022,55.135526,159.978384,12,0.304654501050646,0.316189352157607,0.339895532864525,0.339895532864525,0.28114063664273,0.357023512710949,206
"112","S_4",2023,55.135526,159.978384,6,0.286144590333866,0.310954325311778,0.34440151206773,0.34440151206773,0.279635759935111,0.376048067282625,205
"113","S_4",2024,55.135526,159.978384,5,0.316940107484429,0.3470449363927,0.348213859686388,0.349353605733386,0.320285064072449,0.37177029291943,185
"114","S_5",2000,55.139163,159.989232,7,0.243030571627918,0.247976227072446,0.273077318977354,0.297983728392851,0.252348114706071,0.303718761503388,200
"115","S_5",2001,55.139163,159.989232,3,0.261258429005839,0.288048764934109,0.288077167143811,0.316428527467468,0.270359186369496,0.316464030229595,200
"116","S_5",2002,55.139163,159.989232,4,0.329178130900749,0.329944008555558,0.344776889551016,0.344776889551016,0.315597663906748,0.350469228103104,201
"117","S_5",2004,55.139163,159.989232,3,0.316122532101724,0.309363518704075,0.341126692371651,0.343922487433068,0.324495560541546,0.369078655229475,205
"118","S_5",2005,55.139163,159.989232,3,0.311658825967234,0.31198576305599,0.322648023519774,0.322648023519774,0.305160026967702,0.328739795084053,205
"119","S_5",2006,55.139163,159.989232,2,0.268804506580737,0.268804506580737,0.271593653105743,0.323319651383078,0.31983321822682,0.326806084539336,203
"120","S_5",2007,55.139163,159.989232,5,0.329518260626669,0.329536472124827,0.340626783683788,0.340626783683788,0.314058562921596,0.34663686194742,201
"121","S_5",2008,55.139163,159.989232,4,0.309217493294304,0.317512569336988,0.336492912095361,0.336492912095361,0.311556069549398,0.35870395424494,200
"122","S_5",2009,55.139163,159.989232,17,0.291999570450545,0.297408726776583,0.341542642199846,0.341542642199846,0.278765557941076,0.365211379013233,200
"123","S_5",2010,55.139163,159.989232,4,0.274969059856478,0.274388865046668,0.301762563480799,0.301762563480799,0.297460236140292,0.305134743326797,197
"124","S_5",2011,55.139163,159.989232,8,0.315985635353067,0.308431834353003,0.344365308452146,0.36119014852076,0.317065458744365,0.394110102496048,195
"125","S_5",2012,55.139163,159.989232,6,0.296708046593266,0.292020967702059,0.335604473352799,0.339580298771741,0.271795214560573,0.349686332381481,195
"126","S_5",2013,55.139163,159.989232,12,0.290034683883706,0.286703783371525,0.336744835874011,0.340921317279207,0.31976845571616,0.385417510472202,193
"127","S_5",2014,55.139163,159.989232,11,0.340893814532652,0.354013467394006,0.367981063608358,0.367981063608358,0.324433019540573,0.386012735345658,193
"128","S_5",2015,55.139163,159.989232,7,0.284353212993518,0.2772021173452,0.315996959541049,0.325541627197015,0.305039105394122,0.329727056982222,191
"129","S_5",2016,55.139163,159.989232,10,0.302674733876913,0.305823793883614,0.320419026591209,0.32184188402977,0.303510335881813,0.343081685965097,190
"130","S_5",2017,55.139163,159.989232,12,0.309011152332613,0.30557177115109,0.328082903966777,0.328082903966777,0.301064192369751,0.371440888486674,191
"131","S_5",2018,55.139163,159.989232,5,0.351994214366082,0.350633711439879,0.361358756581332,0.361358756581332,0.350796962135052,0.367692548640378,191
"132","S_5",2019,55.139163,159.989232,7,0.293421846278693,0.300863553075514,0.327540806356685,0.332668389931315,0.3153952637143,0.365152081206887,188
"133","S_5",2020,55.139163,159.989232,13,0.329758803445561,0.332285879271423,0.346293049401608,0.352716981588842,0.330670848387386,0.374655189342708,189
"134","S_5",2021,55.139163,159.989232,14,0.311454835971979,0.3175689703436,0.358615665341085,0.358615665341085,0.317195033082392,0.365319998830946,190
"135","S_5",2022,55.139163,159.989232,13,0.304421941464997,0.309706172240798,0.339026584054306,0.339026584054306,0.314635748348174,0.376084325507777,190
"136","S_5",2023,55.139163,159.989232,7,0.2945601030736,0.284840519452426,0.317986105838746,0.333966640254783,0.286545319619306,0.353327779244515,189
"137","S_5",2024,55.139163,159.989232,7,0.278172830303697,0.273994850308261,0.306452488632304,0.31880093183581,0.296417969993008,0.355287611347086,189
"138","S_6",2000,55.132328,159.901575,3,0.254007310363976,0.246404266893208,0.264700901479874,0.306810382633186,0.299854315436704,0.307572355437083,200
"139","S_6",2001,55.132328,159.901575,2,0.254699580891898,0.254699580891898,0.254897762269275,0.299698550321974,0.299450823600253,0.299946277043694,201
"140","S_6",2002,55.132328,159.901575,5,0.320404754779237,0.311512786856292,0.342064333224411,0.342064333224411,0.311981840147832,0.377575961867901,202
"141","S_6",2005,55.132328,159.901575,3,0.299873120650601,0.295454209985092,0.314925819880989,0.314925819880989,0.29691102267991,0.320296007882251,210
"142","S_6",2006,55.132328,159.901575,4,0.276760662130266,0.27671401291147,0.296470419326327,0.327770415062078,0.321946925695163,0.333780501304177,209
"143","S_6",2007,55.132328,159.901575,4,0.321379429733159,0.313938036887652,0.339350857328473,0.339350857328473,0.314041937306299,0.350529228676596,208
"144","S_6",2008,55.132328,159.901575,5,0.283808838755906,0.297041515023108,0.302676049406461,0.311315067049501,0.264081266519324,0.333897588585765,208
"145","S_6",2009,55.132328,159.901575,17,0.292626697081041,0.30359076776613,0.340498477803384,0.340498477803384,0.280430198409094,0.36209264167364,207
"146","S_6",2010,55.132328,159.901575,4,0.273870391228038,0.273484232604176,0.313387208091354,0.313387208091354,0.271929051157211,0.318155320041835,203
"147","S_6",2011,55.132328,159.901575,7,0.294872058721653,0.295224872707199,0.320610779057436,0.33615754945772,0.25624916013786,0.338750361496805,199
"148","S_6",2012,55.132328,159.901575,5,0.300116069447545,0.311874490930401,0.325732340063279,0.325830823886937,0.314812310496453,0.346412848477785,198
"149","S_6",2013,55.132328,159.901575,10,0.288063235390144,0.272659533613423,0.340010958690287,0.340010958690287,0.300928559766646,0.39312065733651,193
"150","S_6",2014,55.132328,159.901575,14,0.305494487617595,0.306175878455683,0.334897701943685,0.334897701943685,0.30213893957407,0.357008429969004,192
"151","S_6",2015,55.132328,159.901575,6,0.274026167454348,0.277551902569151,0.2971868709833,0.303581868691207,0.290772587527308,0.329740625568523,193
"152","S_6",2016,55.132328,159.901575,12,0.306065168746881,0.302374987598588,0.320862303538732,0.320862303538732,0.305588505705562,0.330770344777681,195
"153","S_6",2017,55.132328,159.901575,12,0.304115931707234,0.302330325068977,0.323879571927214,0.323879571927214,0.300058053759239,0.335268965688801,194
"154","S_6",2018,55.132328,159.901575,7,0.325680634777287,0.335239828955874,0.352340885086956,0.352340885086956,0.309660962182235,0.367161420801281,197
"155","S_6",2019,55.132328,159.901575,6,0.321007258024915,0.340570891980027,0.344795459561567,0.344795459561567,0.31662296294304,0.349062217075305,198
"156","S_6",2020,55.132328,159.901575,16,0.328069291788967,0.32525698413725,0.361455465168363,0.361455465168363,0.325403274348094,0.376853936285867,199
"157","S_6",2021,55.132328,159.901575,14,0.300903517887945,0.306500592266707,0.335109439574856,0.335109439574856,0.306351777671224,0.354353454784629,198
"158","S_6",2022,55.132328,159.901575,18,0.290558485397752,0.292055953422872,0.32337306104764,0.32337306104764,0.291397737857799,0.379825208797883,200
"159","S_6",2023,55.132328,159.901575,12,0.290135901559435,0.292364457298943,0.329072022806037,0.329072022806037,0.270567510968436,0.339691511728395,187
"160","S_6",2024,55.132328,159.901575,8,0.311141308859337,0.315388207016878,0.364971933074232,0.364971933074232,0.309161874036378,0.380340317984071,185
"161","S_7",1999,55.100652,159.999143,2,0.308707863963718,0.308707863963718,0.309453295769294,0.311583161345686,0.310651371588716,0.312514951102655,206
"162","S_7",2000,55.100652,159.999143,6,0.255327973615978,0.255105192710649,0.286892116448233,0.286892116448233,0.229991731100759,0.298962285565415,206
"163","S_7",2001,55.100652,159.999143,4,0.261432458099062,0.275627927128257,0.284597947146483,0.298082200563494,0.260730079233585,0.308632554236013,251
"164","S_7",2002,55.100652,159.999143,4,0.332438969638547,0.323046521689931,0.359089662888643,0.359089662888643,0.3325213604766,0.384551426213732,251
"165","S_7",2004,55.100652,159.999143,2,0.31746122633967,0.31746122633967,0.319891390242996,0.352201716299726,0.349164011420569,0.355239421178883,210
"166","S_7",2005,55.100652,159.999143,4,0.298553680763564,0.314876800577819,0.336384087130951,0.337348834423399,0.305983499811068,0.344885469969366,213
"167","S_7",2006,55.100652,159.999143,5,0.297831987720103,0.274873793788046,0.35141863546259,0.35141863546259,0.319876089247291,0.403276348827781,213
"168","S_7",2007,55.100652,159.999143,4,0.336193971958219,0.340248896835723,0.352371293831577,0.352371293831577,0.318289221012178,0.358263443425173,211
"169","S_7",2008,55.100652,159.999143,6,0.322242893605005,0.310687919589626,0.354469055250175,0.354469055250175,0.319408025034437,0.398085171808835,212
"170","S_7",2009,55.100652,159.999143,20,0.317607000859384,0.314838789577938,0.354394881015857,0.354394881015857,0.317163582834959,0.429573786276466,212
"171","S_7",2010,55.100652,159.999143,2,0.328216619770947,0.328216619770947,0.329357831558591,0.340404393457084,0.338977878722528,0.341830908191639,211
"172","S_7",2011,55.100652,159.999143,7,0.309526227252512,0.310774528135239,0.332853505986909,0.336180368178543,0.312642294737707,0.371000849774712,207
"173","S_7",2012,55.100652,159.999143,4,0.308556038281321,0.316032713674783,0.324122624251738,0.334645519880916,0.329459745577067,0.354285862247828,208
"174","S_7",2013,55.100652,159.999143,9,0.295875652797846,0.294192510721059,0.375431838684645,0.375431838684645,0.286198549470477,0.404356417145115,206
"175","S_7",2014,55.100652,159.999143,12,0.319730450409281,0.321450295674816,0.361035178956838,0.361035178956838,0.311563151359782,0.387538716354067,197
"176","S_7",2015,55.100652,159.999143,9,0.269547793351035,0.26635998338399,0.31482770649316,0.31568779668821,0.307349830292909,0.345034370981509,195
"177","S_7",2016,55.100652,159.999143,16,0.314123544895787,0.309850735239451,0.345711021537746,0.345711021537746,0.296611733883717,0.382319570134428,197
"178","S_7",2017,55.100652,159.999143,9,0.318105248829731,0.314231293168637,0.337160657749403,0.337160657749403,0.307752241753219,0.373104104298154,192
"179","S_7",2018,55.100652,159.999143,9,0.326330275299701,0.354289526947087,0.372480037519588,0.372480037519588,0.271287963694869,0.409591056788551,193
"180","S_7",2019,55.100652,159.999143,8,0.31321322720702,0.327680745421759,0.347641540839802,0.347641540839802,0.307994384989123,0.360737441404868,191
"181","S_7",2020,55.100652,159.999143,15,0.341481092551211,0.339840851880208,0.37154966141631,0.37154966141631,0.329989795927567,0.440449365218588,187
"182","S_7",2021,55.100652,159.999143,12,0.324653046949771,0.329917046840485,0.372549027354748,0.372549027354748,0.296375478460024,0.39035752861683,187
"183","S_7",2022,55.100652,159.999143,18,0.301308054031327,0.296341842952598,0.339099522253671,0.339099522253671,0.295069800888505,0.362104427403373,186
"184","S_7",2023,55.100652,159.999143,7,0.331198547931309,0.337507063933408,0.35015130893101,0.35015130893101,0.310787112151489,0.35648525082301,185
"185","S_7",2024,55.100652,159.999143,6,0.30386676431415,0.294645148001317,0.349276816656563,0.349276816656563,0.326050950783091,0.386735604390155,185
"186","S_8",2004,55.111679,160.095671,2,0.39709935833619,0.39709935833619,0.399988351761453,0.429832610826849,0.426221369045271,0.433443852608426,208
"187","S_8",2005,55.111679,160.095671,2,0.430456675383371,0.430456675383371,0.437498533872942,0.44340374047968,0.434601417367717,0.452206063591643,203
"188","S_8",2006,55.111679,160.095671,1,0.448717243417247,0.448717243417247,0.448717243417247,0.46194277772146,0.46194277772146,0.46194277772146,203
"189","S_8",2007,55.111679,160.095671,5,0.452037110799388,0.447183956123752,0.47444017491232,0.47444017491232,0.431014274377826,0.49615307616096,203
"190","S_8",2009,55.111679,160.095671,13,0.408823532075763,0.410039822985979,0.45104804132207,0.45104804132207,0.429963190656368,0.502733525312469,196
"191","S_8",2010,55.111679,160.095671,2,0.415865749790575,0.415865749790575,0.416068950236521,0.417922378335473,0.41766837777804,0.418176378892906,194
"192","S_8",2011,55.111679,160.095671,3,0.433051709071349,0.431730571536314,0.438567795032683,0.469052669505419,0.460506140134958,0.522509027794177,192
"193","S_8",2012,55.111679,160.095671,6,0.392991807455813,0.371442699599224,0.468754547869674,0.468754547869674,0.407038729536191,0.4726505219545,190
"194","S_8",2013,55.111679,160.095671,5,0.42700815518758,0.421642118949729,0.490233324442146,0.490233324442146,0.477142818993515,0.525693880967541,188
"195","S_8",2014,55.111679,160.095671,12,0.43026854047898,0.437104334867813,0.479773447648539,0.479773447648539,0.451649284195458,0.514281102851034,188
"196","S_8",2015,55.111679,160.095671,3,0.335706645011204,0.291637452764431,0.40039832691008,0.40039832691008,0.378000224823493,0.459233431462367,187
"197","S_8",2016,55.111679,160.095671,9,0.400791039910611,0.393254016787619,0.446543049842775,0.451585384520254,0.381041487022656,0.47201149518672,187
"198","S_8",2017,55.111679,160.095671,14,0.41370875527524,0.409500702339407,0.452265482261595,0.452265482261595,0.404575727326181,0.569340610361126,189
"199","S_8",2018,55.111679,160.095671,9,0.409675315026371,0.433425917057753,0.452325472648253,0.452325472648253,0.406152681052196,0.471396694187154,189
"200","S_8",2019,55.111679,160.095671,8,0.350167001323687,0.35662443468381,0.404394208140072,0.404394208140072,0.329574963172165,0.473427264780512,189
"201","S_8",2020,55.111679,160.095671,11,0.406491520081177,0.410919064209964,0.434474257744114,0.434474257744114,0.416266625355811,0.471857863919393,188
"202","S_8",2021,55.111679,160.095671,7,0.410191768880898,0.399476821133097,0.441851545396236,0.441851545396236,0.41354764503951,0.486992565628689,188
"203","S_8",2022,55.111679,160.095671,15,0.414421825682397,0.412941027400666,0.476773791234549,0.476773791234549,0.411473372078043,0.508573214750149,188
"204","S_8",2023,55.111679,160.095671,8,0.426473581523557,0.42802490812798,0.448853510531589,0.448853510531589,0.416498475686555,0.470653074771062,187
"205","S_8",2024,55.111679,160.095671,3,0.390283368042238,0.361140877575689,0.433155402062616,0.4356569726586,0.433066288449588,0.462059740519405,188
"206","S_9",2000,55.117915,159.926507,4,0.244898706476892,0.245684353460124,0.25640524533512,0.300751612225907,0.294619462738661,0.304047890672066,200
"207","S_9",2001,55.117915,159.926507,3,0.278664639883924,0.263514263966684,0.301289407725915,0.312972545138554,0.311204743191236,0.321222172417135,201
"208","S_9",2005,55.117915,159.926507,1,0.346886018131529,0.346886018131529,0.346886018131529,0.349280633936642,0.349280633936642,0.349280633936642,207
"209","S_9",2006,55.117915,159.926507,3,0.32587568243455,0.28081623476385,0.395757914257128,0.395757914257128,0.334388046183732,0.428523391745582,209
"210","S_9",2007,55.117915,159.926507,4,0.336509390411919,0.333737689877978,0.346012108631099,0.346012108631099,0.329254219235558,0.349344053751753,204
"211","S_9",2008,55.117915,159.926507,3,0.303615671902014,0.316845711582963,0.318804325301692,0.318804325301692,0.276174652944061,0.319539542349057,201
"212","S_9",2009,55.117915,159.926507,14,0.314700697950622,0.314763459792851,0.350243210503778,0.350243210503778,0.328331977758976,0.367615960756724,198
"213","S_9",2010,55.117915,159.926507,2,0.318610098184792,0.318610098184792,0.318899960891605,0.322240187848428,0.321877859464911,0.322602516231944,198
"214","S_9",2011,55.117915,159.926507,3,0.320466019465697,0.316222385041708,0.326983620502199,0.334246707248745,0.3335260661951,0.359943291908669,195
"215","S_9",2012,55.117915,159.926507,6,0.289065668602997,0.284880060604376,0.325706403973656,0.327572612878797,0.303859611067664,0.348776725294132,196
"216","S_9",2013,55.117915,159.926507,6,0.267327989451909,0.265811363709542,0.287932164282594,0.335425001992508,0.324158413404017,0.372005932140772,195
"217","S_9",2014,55.117915,159.926507,11,0.317013411371741,0.323231901933095,0.352828822519581,0.354067073385679,0.329352212934908,0.38557492455258,193
"218","S_9",2015,55.117915,159.926507,8,0.274481402616833,0.264404143198828,0.308919592524692,0.31950524635247,0.304407231201539,0.349889181674146,192
"219","S_9",2016,55.117915,159.926507,11,0.318367946211228,0.310310406582916,0.359335693932783,0.359335693932783,0.319084712308166,0.367139523981636,192
"220","S_9",2017,55.117915,159.926507,13,0.309889966496962,0.31673623923802,0.34446871507007,0.34446871507007,0.288032357319339,0.368596124827539,191
"221","S_9",2018,55.117915,159.926507,4,0.297416110605687,0.29407597566373,0.358235689190905,0.358235689190905,0.288438492812867,0.373339487716675,190
"222","S_9",2019,55.117915,159.926507,6,0.332285758467271,0.3539580193101,0.368990634811771,0.368990634811771,0.315612798845757,0.386227946987817,189
"223","S_9",2020,55.117915,159.926507,14,0.341845889880716,0.348979456937406,0.368447749442975,0.368447749442975,0.352373803683429,0.397516436430317,186
"224","S_9",2021,55.117915,159.926507,13,0.302852110642619,0.30944341507981,0.34501530019322,0.345081832635284,0.3041151222445,0.368812097495139,186
"225","S_9",2022,55.117915,159.926507,13,0.29151683508258,0.296129014352631,0.337282617797275,0.337282617797275,0.295446391648482,0.358102893878031,185
"226","S_9",2023,55.117915,159.926507,9,0.295131539021548,0.301381444778077,0.337407661786664,0.337407661786664,0.282344315341727,0.35218240163379,184
"227","S_9",2024,55.117915,159.926507,8,0.283257267633431,0.275676281663739,0.328404395150987,0.328404395150987,0.274500572090616,0.371977811696036,183
